5386.349409 0 20
5388.363542 1 28
5390.386944 2 24
5392.399898 3 28
5394.433933 4 29
5396.452244 5 29
5398.465966 6 25
5400.499756 7 20
5402.500204 8 21
5404.520998 9 25
5406.560791 10 20
5408.542344 11 25
5410.558873 12 22
5412.576842 13 29
5414.602136 14 20
5416.609842 15 29
5418.617177 16 21
5420.630746 17 26
5422.664804 18 24
5424.687132 19 21
5426.708053 20 27
5428.742767 21 27
5430.744352 22 26
5432.805711 23 24
5434.806372 24 26
5436.837918 25 22
5438.835575 26 20
5440.853253 27 29
5442.917397 28 20
5444.885611 29 22
5446.911775 30 28
5448.944192 31 21
5450.964806 32 24
5452.999728 33 22
5455.007286 34 29
5457.022471 35 28
5459.076898 36 24
5461.070722 37 23
5463.076991 38 25
5465.09383 39 23
5467.109949 40 27
5469.11858 41 21
5471.18791 42 22
5473.21383 43 23
5475.18815 44 26
5477.213644 45 26
5479.218267 46 26
5481.252911 47 27
5483.265534 48 29
5485.276653 49 26
5487.299745 50 26
5489.313951 51 21
5491.373354 52 28
5493.365851 53 29
5495.393833 54 22
5497.419072 55 29
5499.447512 56 29
5501.450636 57 26
5503.467805 58 28
5505.484349 59 22
5507.515504 60 24
5509.541199 61 28
5511.59897 62 22
5513.610783 63 21
5515.635194 64 28
5517.652326 65 21
5519.67619 66 28
5521.688736 67 23
5523.706438 68 29
5525.728355 69 21
5527.764434 70 29
5529.772981 71 24
5531.810399 72 29
5533.818767 73 24
5535.85334 74 25
5537.876721 75 21
5539.87208 76 28
5541.895535 77 25
5543.895077 78 24
5545.92508 79 22
5547.958468 80 22
5549.96636 81 29
5551.980876 82 29
5554.005555 83 28
5556.042233 84 28
5558.064118 85 24
5560.072633 86 28
5562.106315 87 29
5564.131131 88 21
5566.143017 89 28
5568.158368 90 24
5570.154203 91 26
5572.192388 92 22
5574.20559 93 27
5576.224874 94 24
5578.235593 95 20
5580.251774 96 24
5582.262672 97 26
5584.279415 98 27
5586.310115 99 26
5588.362723 100 21
5590.367658 101 23
5592.35313 102 20
5594.38582 103 27
5596.390643 104 29
5598.432547 105 24
5600.43033 106 20
5602.444101 107 20
5604.466217 108 25
5606.48949 109 25
5608.51243 110 28
5610.510162 111 22
5612.540082 112 22
5614.576621 113 20
5616.613301 114 25
5618.62765 115 28
5620.64943 116 25
5622.660547 117 29
5624.701834 118 20
5626.680092 119 22
5628.688019 120 26
5630.737412 121 26
5632.756916 122 21
5634.751021 123 26
5636.76967 124 25
5638.817228 125 28
5640.815328 126 21
5642.853431 127 21
5644.848936 128 23
5646.855696 129 21
5648.859729 130 22
5650.883312 131 25
5652.893076 132 24
5655.033008 133 27
5656.95283 134 20
5658.957742 135 24
5660.96933 136 25
5662.980114 137 26
5664.99606 138 22
5667.020869 139 22
5669.029416 140 26
5671.03799 141 27
5673.066124 142 24
5675.090289 143 28
5677.106241 144 25
5679.121916 145 29
5681.131714 146 21
5683.158479 147 20
5685.192298 148 26
5687.211824 149 26
5689.221194 150 25
5691.237255 151 20
5693.253705 152 20
5695.267918 153 28
5697.289191 154 23
5699.314192 155 25
5701.326223 156 26
5703.356459 157 26
5705.374537 158 21
5707.394075 159 20
5709.409423 160 26
5711.440714 161 29
5713.459097 162 20
5715.464334 163 23
5717.476251 164 26
5719.490553 165 27
5721.511012 166 22
5723.533328 167 23
5725.550517 168 26
